[Parameter containing:
tensor([[ 1.0250e-02, -4.1691e-01,  2.6868e-01,  ...,  1.3385e+00,
          5.8177e-01,  5.7311e-01],
        [-1.1251e-01,  2.3113e+00,  1.4822e+00,  ...,  1.0188e+00,
          3.1341e+00,  5.2644e+00],
        [-5.4286e-02,  2.4342e+00, -1.6213e+00,  ...,  1.7160e-02,
          2.6353e+00,  4.7815e+00],
        [-1.3214e-01,  1.5741e+00, -1.4853e+00,  ...,  1.1245e+01,
         -2.1869e+00, -3.6349e+00],
        [-4.4526e-02,  1.6355e-02, -2.7680e-02,  ...,  1.5986e-02,
         -3.4249e-02, -6.5633e-03]]), Parameter containing:
tensor([ 0.2334,  3.5634,  1.7530,  2.0480,  0.0083])]