[Parameter containing:
tensor([[-1.6186e-03, -5.2425e-01,  1.8218e-01,  ...,  9.3044e-01,
          1.6500e-01, -1.7741e-01],
        [-1.3636e-01,  2.5835e+00,  1.2765e+00,  ...,  9.8687e-01,
          3.5522e+00,  4.7984e+00],
        [-5.7713e-02,  2.8149e+00, -1.0923e+00,  ...,  1.7160e-02,
          2.6990e+00,  4.4678e+00],
        [-1.6004e-01,  1.9087e+00, -1.4678e+00,  ...,  1.1121e+01,
         -2.6079e+00, -3.2555e+00],
        [-4.4526e-02,  1.6355e-02, -2.7680e-02,  ...,  1.5986e-02,
         -3.4249e-02, -6.5633e-03]]), Parameter containing:
tensor([ 0.6051,  3.4683,  1.1688,  2.2544,  0.0083])]